1 ; 21.01.2014 ; 0 ; 1000000 ; 0.01
1 ; 21.01.2014 ; 1000001 ; 5000000 ; 15
1 ; 21.01.2014 ; 5000001 ; 15000000 ; 41
1 ; 21.01.2014 ; 15000001 ; 999999999999 ; 45
1 ; 18.02.2014 ; 0 ; 1000000 ; 0.01
1 ; 18.02.2014 ; 1000001 ; 5000000 ; 15
1 ; 18.02.2014 ; 5000001 ; 15000000 ; 39
1 ; 18.02.2014 ; 15000001 ; 999999999999 ; 43
1 ; 28.02.2014 ; 0 ; 1000000 ; 0.01
1 ; 28.02.2014 ; 1000001 ; 5000000 ; 15
1 ; 28.02.2014 ; 5000001 ; 15000000 ; 40
1 ; 28.02.2014 ; 15000001 ; 50000000 ; 40.5
1 ; 28.02.2014 ; 50000001 ; 999999999999 ; 41
1 ; 31.03.2014 ; 0 ; 1000000 ; 0.01
1 ; 31.03.2014 ; 1000001 ; 5000000 ; 15
1 ; 31.03.2014 ; 5000001 ; 15000000 ; 32
1 ; 31.03.2014 ; 15000001 ; 50000000 ; 37
1 ; 31.03.2014 ; 50000001 ; 999999999999 ; 38
1 ; 16.04.2014 ; 0 ; 1000000 ; 0.01
1 ; 16.04.2014 ; 1000001 ; 5000000 ; 14
1 ; 16.04.2014 ; 5000001 ; 15000000 ; 31
1 ; 16.04.2014 ; 15000001 ; 50000000 ; 36
1 ; 16.04.2014 ; 50000001 ; 999999999999 ; 37
1 ; 19.05.2014 ; 0 ; 1000000 ; 0.01
1 ; 19.05.2014 ; 1000001 ; 5000000 ; 13
1 ; 19.05.2014 ; 5000001 ; 15000000 ; 30
1 ; 19.05.2014 ; 15000001 ; 50000000 ; 35
1 ; 19.05.2014 ; 50000001 ; 999999999999 ; 36
1 ; 16.06.2014 ; 0 ; 1000000 ; 0.01
1 ; 16.06.2014 ; 1000001 ; 5000000 ; 13
1 ; 16.06.2014 ; 5000001 ; 15000000 ; 30
1 ; 16.06.2014 ; 15000001 ; 50000000 ; 34
1 ; 16.06.2014 ; 50000001 ; 999999999999 ; 35
1 ; 30.06.2014 ; 0 ; 1000000 ; 0.01
1 ; 30.06.2014 ; 1000001 ; 5000000 ; 14
1 ; 30.06.2014 ; 5000001 ; 15000000 ; 29
1 ; 30.06.2014 ; 15000001 ; 50000000 ; 33
1 ; 30.06.2014 ; 50000001 ; 999999999999 ; 34
1 ; 16.07.2014 ; 0 ; 1000000 ; 0.01
1 ; 16.07.2014 ; 1000001 ; 5000000 ; 13
1 ; 16.07.2014 ; 5000001 ; 15000000 ; 28
1 ; 16.07.2014 ; 15000001 ; 50000000 ; 32
1 ; 16.07.2014 ; 50000001 ; 999999999999 ; 33
1 ; 04.08.2014 ; 0 ; 1000000 ; 0.01
1 ; 04.08.2014 ; 1000001 ; 5000000 ; 12
1 ; 04.08.2014 ; 5000001 ; 15000000 ; 27
1 ; 04.08.2014 ; 15000001 ; 50000000 ; 30
1 ; 04.08.2014 ; 50000001 ; 999999999999 ; 31
1 ; 13.08.2014 ; 0 ; 1000000 ; 0.01
1 ; 13.08.2014 ; 1000001 ; 5000000 ; 11.5
1 ; 13.08.2014 ; 5000001 ; 15000000 ; 26.5
1 ; 13.08.2014 ; 15000001 ; 50000000 ; 29.5
1 ; 13.08.2014 ; 50000001 ; 999999999999 ; 30.5
1 ; 17.10.2014 ; 0 ; 1000000 ; 0.01
1 ; 17.10.2014 ; 1000001 ; 5000000 ; 11.5
1 ; 17.10.2014 ; 5000001 ; 15000000 ; 26.5
1 ; 17.10.2014 ; 15000001 ; 50000000 ; 28.5
1 ; 17.10.2014 ; 50000001 ; 999999999999 ; 29.5
1 ; 04.11.2014 ; 0 ; 1000000 ; 0.01
1 ; 04.11.2014 ; 1000001 ; 5000000 ; 11.5
1 ; 04.11.2014 ; 5000001 ; 15000000 ; 25
1 ; 04.11.2014 ; 15000001 ; 50000000 ; 28
1 ; 04.11.2014 ; 50000001 ; 999999999999 ; 29
1 ; 20.12.2014 ; 0 ; 1000000 ; 0.01
1 ; 20.12.2014 ; 1000001 ; 5000000 ; 11.5
1 ; 20.12.2014 ; 5000001 ; 15000000 ; 30
1 ; 20.12.2014 ; 15000001 ; 50000000 ; 40
1 ; 20.12.2014 ; 50000001 ; 999999999999 ; 45
1 ; 09.01.2015 ; 0 ; 1000000 ; 0.01
1 ; 09.01.2015 ; 1000001 ; 5000000 ; 12
1 ; 09.01.2015 ; 5000001 ; 15000000 ; 30
1 ; 09.01.2015 ; 15000001 ; 50000000 ; 40
1 ; 09.01.2015 ; 50000001 ; 999999999999 ; 45
1 ; 02.02.2015 ; 0 ; 1000000 ; 0.01
1 ; 02.02.2015 ; 1000001 ; 5000000 ; 12
1 ; 02.02.2015 ; 5000001 ; 15000000 ; 30
1 ; 02.02.2015 ; 15000001 ; 50000000 ; 45
1 ; 02.02.2015 ; 50000001 ; 999999999999 ; 50
1 ; 06.03.2015 ; 0 ; 1000000 ; 0.01
1 ; 06.03.2015 ; 1000001 ; 5000000 ; 12
1 ; 06.03.2015 ; 5000001 ; 15000000 ; 25
1 ; 06.03.2015 ; 15000001 ; 50000000 ; 40
1 ; 06.03.2015 ; 50000001 ; 999999999999 ; 45
1 ; 23.03.2015 ; 0 ; 1000000 ; 0.01
1 ; 23.03.2015 ; 1000001 ; 5000000 ; 12
1 ; 23.03.2015 ; 5000001 ; 15000000 ; 20
1 ; 23.03.2015 ; 15000001 ; 50000000 ; 35
1 ; 23.03.2015 ; 50000001 ; 999999999999 ; 40
1 ; 01.04.2015 ; 0 ; 1000000 ; 0.01
1 ; 01.04.2015 ; 1000001 ; 5000000 ; 12
1 ; 01.04.2015 ; 5000001 ; 15000000 ; 20
1 ; 01.04.2015 ; 15000001 ; 50000000 ; 30
1 ; 01.04.2015 ; 50000001 ; 999999999999 ; 35
1 ; 10.04.2015 ; 0 ; 1000000 ; 0.01
1 ; 10.04.2015 ; 1000001 ; 5000000 ; 12
1 ; 10.04.2015 ; 5000001 ; 15000000 ; 20
1 ; 10.04.2015 ; 15000001 ; 50000000 ; 28
1 ; 10.04.2015 ; 50000001 ; 999999999999 ; 30
1 ; 30.04.2015 ; 0 ; 1000000 ; 0.01
1 ; 30.04.2015 ; 1000001 ; 5000000 ; 12
1 ; 30.04.2015 ; 5000001 ; 15000000 ; 20
1 ; 30.04.2015 ; 15000001 ; 50000000 ; 25
1 ; 30.04.2015 ; 50000001 ; 999999999999 ; 27
1 ; 01.06.2015 ; 0 ; 1000000 ; 0.01
1 ; 01.06.2015 ; 1000001 ; 5000000 ; 12
1 ; 01.06.2015 ; 5000001 ; 15000000 ; 18
1 ; 01.06.2015 ; 15000001 ; 50000000 ; 23
1 ; 01.06.2015 ; 50000001 ; 999999999999 ; 25
1 ; 15.06.2015 ; 0 ; 1000000 ; 0.01
1 ; 15.06.2015 ; 1000001 ; 5000000 ; 12
1 ; 15.06.2015 ; 5000001 ; 15000000 ; 18
1 ; 15.06.2015 ; 15000001 ; 50000000 ; 25
1 ; 15.06.2015 ; 50000001 ; 999999999999 ; 28
1 ; 20.11.2015 ; 0 ; 1000000 ; 0.01
1 ; 20.11.2015 ; 1000001 ; 5000000 ; 12
1 ; 20.11.2015 ; 5000001 ; 15000000 ; 18
1 ; 20.11.2015 ; 15000001 ; 50000000 ; 23
1 ; 20.11.2015 ; 50000001 ; 999999999999 ; 25
1 ; 15.12.2015 ; 0 ; 1000000 ; 0.01
1 ; 15.12.2015 ; 1000001 ; 5000000 ; 12
1 ; 15.12.2015 ; 5000001 ; 15000000 ; 15
1 ; 15.12.2015 ; 15000001 ; 50000000 ; 15
1 ; 15.12.2015 ; 50000001 ; 999999999999 ; 15
1 ; 15.01.2016 ; 0 ; 1000000 ; 3
1 ; 15.01.2016 ; 1000001 ; 5000000 ; 3
1 ; 15.01.2016 ; 5000001 ; 15000000 ; 3
1 ; 15.01.2016 ; 15000001 ; 50000000 ; 3
1 ; 15.01.2016 ; 50000001 ; 999999999999 ; 3
2 ; 05.03.2014 ; 0 ; 4999999 ; 23.5
2 ; 05.03.2014 ; 5000000 ; 9999999 ; 40
2 ; 05.03.2014 ; 10000000 ; 49999999 ; 41
2 ; 05.03.2014 ; 50000000 ; 999999999999 ; 42
2 ; 13.03.2014 ; 0 ; 4999999 ; 23.5
2 ; 13.03.2014 ; 5000000 ; 9999999 ; 36
2 ; 13.03.2014 ; 10000000 ; 49999999 ; 37
2 ; 13.03.2014 ; 50000000 ; 999999999999 ; 38
2 ; 19.03.2014 ; 0 ; 4999999 ; 23.5
2 ; 19.03.2014 ; 5000000 ; 9999999 ; 32
2 ; 19.03.2014 ; 10000000 ; 49999999 ; 33
2 ; 19.03.2014 ; 50000000 ; 999999999999 ; 34
2 ; 16.04.2014 ; 0 ; 4999999 ; 22.5
2 ; 16.04.2014 ; 5000000 ; 9999999 ; 31
2 ; 16.04.2014 ; 10000000 ; 49999999 ; 32
2 ; 16.04.2014 ; 50000000 ; 999999999999 ; 33
2 ; 19.05.2014 ; 0 ; 4999999 ; 21.5
2 ; 19.05.2014 ; 5000000 ; 9999999 ; 30
2 ; 19.05.2014 ; 10000000 ; 49999999 ; 31
2 ; 19.05.2014 ; 50000000 ; 999999999999 ; 32
2 ; 16.07.2014 ; 0 ; 4999999 ; 20.5
2 ; 16.07.2014 ; 5000000 ; 9999999 ; 29
2 ; 16.07.2014 ; 10000000 ; 49999999 ; 30
2 ; 16.07.2014 ; 50000000 ; 999999999999 ; 31
2 ; 13.08.2014 ; 0 ; 4999999 ; 20
2 ; 13.08.2014 ; 5000000 ; 9999999 ; 26.5
2 ; 13.08.2014 ; 10000000 ; 49999999 ; 27.5
2 ; 13.08.2014 ; 50000000 ; 999999999999 ; 28.5
2 ; 18.08.2014 ; 0 ; 4999999 ; 20
2 ; 18.08.2014 ; 5000000 ; 9999999 ; 25.5
2 ; 18.08.2014 ; 10000000 ; 49999999 ; 26.5
2 ; 18.08.2014 ; 50000000 ; 999999999999 ; 27.5
2 ; 17.01.2015 ; 0 ; 4999999 ; 36
2 ; 17.01.2015 ; 5000000 ; 9999999 ; 36
2 ; 17.01.2015 ; 10000000 ; 49999999 ; 41
2 ; 17.01.2015 ; 50000000 ; 999999999999 ; 45
2 ; 04.02.2015 ; 0 ; 4999999 ; 33
2 ; 04.02.2015 ; 5000000 ; 9999999 ; 35
2 ; 04.02.2015 ; 10000000 ; 49999999 ; 38
2 ; 04.02.2015 ; 50000000 ; 999999999999 ; 40
2 ; 04.03.2015 ; 0 ; 4999999 ; 35
2 ; 04.03.2015 ; 5000000 ; 9999999 ; 38
2 ; 04.03.2015 ; 10000000 ; 49999999 ; 42
2 ; 04.03.2015 ; 50000000 ; 999999999999 ; 44
2 ; 18.03.2015 ; 0 ; 4999999 ; 34
2 ; 18.03.2015 ; 5000000 ; 9999999 ; 36
2 ; 18.03.2015 ; 10000000 ; 49999999 ; 38
2 ; 18.03.2015 ; 50000000 ; 999999999999 ; 40
2 ; 25.03.2015 ; 0 ; 4999999 ; 30
2 ; 25.03.2015 ; 5000000 ; 9999999 ; 30
2 ; 25.03.2015 ; 10000000 ; 49999999 ; 33
2 ; 25.03.2015 ; 50000000 ; 999999999999 ; 35
2 ; 10.04.2015 ; 0 ; 4999999 ; 25
2 ; 10.04.2015 ; 5000000 ; 9999999 ; 25
2 ; 10.04.2015 ; 10000000 ; 49999999 ; 28
2 ; 10.04.2015 ; 50000000 ; 999999999999 ; 30
2 ; 05.05.2015 ; 0 ; 4999999 ; 20
2 ; 05.05.2015 ; 5000000 ; 9999999 ; 20
2 ; 05.05.2015 ; 10000000 ; 49999999 ; 23
2 ; 05.05.2015 ; 50000000 ; 999999999999 ; 25
2 ; 24.06.2015 ; 0 ; 4999999 ; 20
2 ; 24.06.2015 ; 5000000 ; 9999999 ; 20
2 ; 24.06.2015 ; 10000000 ; 49999999 ; 22
2 ; 24.06.2015 ; 50000000 ; 999999999999 ; 23
2 ; 20.10.2015 ; 0 ; 4999999 ; 23
2 ; 20.10.2015 ; 5000000 ; 9999999 ; 25
2 ; 20.10.2015 ; 10000000 ; 49999999 ; 27
2 ; 20.10.2015 ; 50000000 ; 999999999999 ; 29
2 ; 12.11.2015 ; 0 ; 4999999 ; 20
2 ; 12.11.2015 ; 5000000 ; 9999999 ; 20
2 ; 12.11.2015 ; 10000000 ; 49999999 ; 20
2 ; 12.11.2015 ; 50000000 ; 999999999999 ; 20
2 ; 16.11.2015 ; 0 ; 4999999 ; 25
2 ; 16.11.2015 ; 5000000 ; 9999999 ; 25
2 ; 16.11.2015 ; 10000000 ; 49999999 ; 25
2 ; 16.11.2015 ; 50000000 ; 999999999999 ; 25
2 ; 15.12.2015 ; 0 ; 4999999 ; 15
2 ; 15.12.2015 ; 5000000 ; 9999999 ; 15
2 ; 15.12.2015 ; 10000000 ; 49999999 ; 15
2 ; 15.12.2015 ; 50000000 ; 999999999999 ; 15
2 ; 14.01.2016 ; 0 ; 4999999 ; 3
2 ; 14.01.2016 ; 5000000 ; 9999999 ; 3
2 ; 14.01.2016 ; 10000000 ; 49999999 ; 3
2 ; 14.01.2016 ; 50000000 ; 999999999999 ; 3
3 ; 02.05.2014 ; 0 ; 3000000 ; 0.1
3 ; 02.05.2014 ; 3000001 ; 10000000 ; 17.5
3 ; 02.05.2014 ; 10000001 ; 50000000 ; 23.5
3 ; 02.05.2014 ; 50000001 ; 100000000 ; 31
3 ; 02.05.2014 ; 100000001 ; 999999999999 ; 39
3 ; 01.06.2014 ; 0 ; 3000000 ; 0.1
3 ; 01.06.2014 ; 3000001 ; 10000000 ; 16.5
3 ; 01.06.2014 ; 10000001 ; 50000000 ; 22.5
3 ; 01.06.2014 ; 50000001 ; 100000000 ; 30
3 ; 01.06.2014 ; 100000001 ; 999999999999 ; 33
3 ; 01.08.2014 ; 0 ; 3000000 ; 0.1
3 ; 01.08.2014 ; 3000001 ; 10000000 ; 15.5
3 ; 01.08.2014 ; 10000001 ; 50000000 ; 21.5
3 ; 01.08.2014 ; 50000001 ; 100000000 ; 29
3 ; 01.08.2014 ; 100000001 ; 999999999999 ; 32
3 ; 13.08.2014 ; 0 ; 3000000 ; 0.1
3 ; 13.08.2014 ; 3000001 ; 10000000 ; 15
3 ; 13.08.2014 ; 10000001 ; 50000000 ; 21
3 ; 13.08.2014 ; 50000001 ; 100000000 ; 28.5
3 ; 13.08.2014 ; 100000001 ; 999999999999 ; 31.5
3 ; 01.11.2014 ; 0 ; 3000000 ; 0.1
3 ; 01.11.2014 ; 3000001 ; 10000000 ; 15
3 ; 01.11.2014 ; 10000001 ; 50000000 ; 21
3 ; 01.11.2014 ; 50000001 ; 100000000 ; 24
3 ; 01.11.2014 ; 100000001 ; 999999999999 ; 27
3 ; 22.12.2014 ; 0 ; 3000000 ; 0.1
3 ; 22.12.2014 ; 3000001 ; 10000000 ; 20
3 ; 22.12.2014 ; 10000001 ; 50000000 ; 26
3 ; 22.12.2014 ; 50000001 ; 100000000 ; 29
3 ; 22.12.2014 ; 100000001 ; 999999999999 ; 32
3 ; 07.05.2015 ; 0 ; 3000000 ; 0.1
3 ; 07.05.2015 ; 3000001 ; 10000000 ; 20
3 ; 07.05.2015 ; 10000001 ; 50000000 ; 24
3 ; 07.05.2015 ; 50000001 ; 100000000 ; 26
3 ; 07.05.2015 ; 100000001 ; 999999999999 ; 28
3 ; 17.12.2015 ; 0 ; 3000000 ; 0.5
3 ; 17.12.2015 ; 3000001 ; 10000000 ; 15
3 ; 17.12.2015 ; 10000001 ; 50000000 ; 15
3 ; 17.12.2015 ; 50000001 ; 100000000 ; 15
3 ; 17.12.2015 ; 100000001 ; 999999999999 ; 15
3 ; 01.01.2016 ; 0 ; 3000000 ; 0.5
3 ; 01.01.2016 ; 3000001 ; 10000000 ; 0.5
3 ; 01.01.2016 ; 10000001 ; 50000000 ; 0.5
3 ; 01.01.2016 ; 50000001 ; 100000000 ; 0.5
3 ; 01.01.2016 ; 100000001 ; 999999999999 ; 0.5
4 ; 01.01.0001 ; 0 ; 999999999999 ; 5.5
4 ; 28.05.2014 ; 0 ; 999999999999 ; 4.5
5 ; 23.05.2014 ; 0 ; 999999999999 ; 42
6 ; 03.06.2014 ; 0 ; 999999999999 ; 37
6 ; 03.09.2014 ; 0 ; 999999999999 ; 36
6 ; 09.10.2014 ; 0 ; 999999999999 ; 34
7 ; 17.03.2014 ; 0 ; 999999999999 ; 42.5
7 ; 31.03.2014 ; 0 ; 999999999999 ; 40.5
7 ; 16.04.2014 ; 0 ; 999999999999 ; 39.5
7 ; 28.04.2014 ; 0 ; 999999999999 ; 37.5
7 ; 16.05.2014 ; 0 ; 999999999999 ; 36.5
7 ; 30.05.2014 ; 0 ; 999999999999 ; 34.5
7 ; 30.06.2014 ; 0 ; 999999999999 ; 33
7 ; 16.07.2014 ; 0 ; 999999999999 ; 32.5
7 ; 31.07.2014 ; 0 ; 999999999999 ; 31
7 ; 13.08.2014 ; 0 ; 999999999999 ; 30.5
7 ; 29.08.2014 ; 0 ; 999999999999 ; 29
8 ; 16.12.2011 ; 0 ; 999999999999 ; 100
9 ; 03.07.2014 ; 0 ; 999999999999 ; 33
9 ; 08.11.2014 ; 0 ; 999999999999 ; 31
9 ; 12.12.2014 ; 0 ; 999999999999 ; 30
10 ; 29.08.2014 ; 0 ; 999999999999 ; 6
10 ; 01.01.2015 ; 0 ; 999999999999 ; 6.5
10 ; 04.12.2015 ; 0 ; 999999999999 ; 6
10 ; 16.02.2016 ; 0 ; 999999999999 ; 5.5
10 ; 07.10.2016 ; 0 ; 999999999999 ; 5
10 ; 23.12.2016 ; 0 ; 999999999999 ; 4.5
10 ; 02.03.2017 ; 0 ; 999999999999 ; 4
10 ; 04.04.2017 ; 0 ; 999999999999 ; 3.5
10 ; 21.06.2017 ; 0 ; 999999999999 ; 3
10 ; 13.09.2017 ; 0 ; 999999999999 ; 2.75
10 ; 22.12.2017 ; 0 ; 999999999999 ; 2.25
10 ; 09.01.2018 ; 0 ; 999999999999 ; 1.75
10 ; 03.05.2018 ; 0 ; 999999999999 ; 2
11 ; 19.08.2014 ; 1 ; 500 ; 4.5
11 ; 19.08.2014 ; 501 ; 5000 ; 4.6
11 ; 19.08.2014 ; 5001 ; 999999999999 ; 4.7
11 ; 24.12.2014 ; 1 ; 500 ; 5.5
11 ; 24.12.2014 ; 501 ; 5000 ; 5.6
11 ; 24.12.2014 ; 5001 ; 999999999999 ; 5.7
12 ; 19.08.2014 ; 1 ; 500 ; 5.0
12 ; 19.08.2014 ; 501 ; 5000 ; 5.1
12 ; 19.08.2014 ; 5001 ; 999999999999 ; 5.2
12 ; 27.11.2014 ; 1 ; 500 ; 5.2
12 ; 27.11.2014 ; 501 ; 5000 ; 5.3
12 ; 27.11.2014 ; 5001 ; 999999999999 ; 5.4
12 ; 24.12.2014 ; 1 ; 500 ; 6.7
12 ; 24.12.2014 ; 501 ; 5000 ; 6.8
12 ; 24.12.2014 ; 5001 ; 999999999999 ; 6.9
13 ; 19.08.2014 ; 1 ; 500 ; 5.3
13 ; 19.08.2014 ; 501 ; 5000 ; 5.4
13 ; 19.08.2014 ; 5001 ; 999999999999 ; 5.5
13 ; 27.11.2014 ; 1 ; 500 ; 5.5
13 ; 27.11.2014 ; 501 ; 5000 ; 5.6
13 ; 27.11.2014 ; 5001 ; 999999999999 ; 5.7
13 ; 24.12.2014 ; 1 ; 500 ; 7.0
13 ; 24.12.2014 ; 501 ; 5000 ; 7.1
13 ; 24.12.2014 ; 5001 ; 999999999999 ; 7.2
14 ; 19.08.2014 ; 1 ; 500 ; 5.6
14 ; 19.08.2014 ; 501 ; 5000 ; 5.7
14 ; 19.08.2014 ; 5001 ; 999999999999 ; 5.8
14 ; 27.11.2014 ; 1 ; 500 ; 5.8
14 ; 27.11.2014 ; 501 ; 5000 ; 5.9
14 ; 27.11.2014 ; 5001 ; 999999999999 ; 6
14 ; 24.12.2014 ; 1 ; 500 ; 7.3
14 ; 24.12.2014 ; 501 ; 5000 ; 7.4
14 ; 24.12.2014 ; 5001 ; 999999999999 ; 7.5
15 ; 03.07.2014 ; 0 ; 999999999999 ; 30
16 ; 17.09.2014 ; 0 ; 999999999999 ; 6
17 ; 10.11.2014 ; 0 ; 999999999999 ; 28
18 ; 03.07.2014 ; 0 ; 999999999999 ; 29
19 ; 19.08.2014 ; 0 ; 10000000 ; 29.0
19 ; 19.08.2014 ; 10000001 ; 50000000 ; 29.1
19 ; 19.08.2014 ; 50000001 ; 999999999999 ; 29.2
20 ; 19.08.2014 ; 0 ; 10000000 ; 30
20 ; 19.08.2014 ; 10000001 ; 50000000 ; 30.1
20 ; 19.08.2014 ; 50000001 ; 999999999999 ; 30.2
21 ; 19.08.2014 ; 0 ; 10000000 ; 30.3
21 ; 19.08.2014 ; 10000001 ; 50000000 ; 30.4
21 ; 19.08.2014 ; 50000001 ; 999999999999 ; 30.5
22 ; 19.12.2014 ; 1000000 ; 999999999999 ; 50
22 ; 25.03.2015 ; 1000000 ; 999999999999 ; 45
23 ; 23.12.2014 ; 0 ; 999999999999 ; 10
24 ; 23.01.2015 ; 0 ; 999999999999 ; 6.5
24 ; 10.12.2015 ; 0 ; 999999999999 ; 5.7
25 ; 18.02.2015 ; 0 ; 999999999999 ; 6
26 ; 19.02.2015 ; 0 ; 999999999999 ; 50
27 ; 21.02.2015 ; 0 ; 999999999999 ; 0
28 ; 11.03.2015 ; 0 ; 999999999999 ; 45
29 ; 12.03.2015 ; 0 ; 999999999999 ; 50
30 ; 13.03.2015 ; 0 ; 999999999999 ; 48
31 ; 13.03.2015 ; 0 ; 999999999999 ; 50
31 ; 17.04.2015 ; 0 ; 999999999999 ; 45
31 ; 24.04.2015 ; 0 ; 999999999999 ; 39
31 ; 08.05.2015 ; 0 ; 999999999999 ; 34
31 ; 05.06.2015 ; 0 ; 999999999999 ; 29
32 ; 17.03.2015 ; 0 ; 999999999999 ; 6.5
33 ; 19.03.2015 ; 0 ; 300 ; 0.01
33 ; 19.03.2015 ; 300.01 ; 1000 ; 1
33 ; 19.03.2015 ; 1000.1 ; 2500 ; 2
33 ; 19.03.2015 ; 2501 ; 5000 ; 4
33 ; 19.03.2015 ; 5001 ; 999999999999 ; 5.5
33 ; 23.03.2015 ; 0 ; 300 ; 0.01
33 ; 23.03.2015 ; 300.01 ; 1000 ; 1
33 ; 23.03.2015 ; 1000.1 ; 2500 ; 2
33 ; 23.03.2015 ; 2501 ; 5000 ; 3.5
33 ; 23.03.2015 ; 5001 ; 999999999999 ; 5
33 ; 04.08.2015 ; 0 ; 300 ; 0.01
33 ; 04.08.2015 ; 300.01 ; 1000 ; 1
33 ; 04.08.2015 ; 1000.1 ; 2500 ; 2
33 ; 04.08.2015 ; 2501 ; 5000 ; 3
33 ; 04.08.2015 ; 5001 ; 999999999999 ; 4.5
33 ; 19.08.2015 ; 0 ; 300 ; 0.01
33 ; 19.08.2015 ; 300.01 ; 1000 ; 1
33 ; 19.08.2015 ; 1000.1 ; 2500 ; 2
33 ; 19.08.2015 ; 2501 ; 5000 ; 3
33 ; 19.08.2015 ; 5001 ; 999999999999 ; 4
33 ; 10.09.2015 ; 0 ; 300 ; 0.01
33 ; 10.09.2015 ; 300.01 ; 1000 ; 1
33 ; 10.09.2015 ; 1000.1 ; 2500 ; 2
33 ; 10.09.2015 ; 2501 ; 5000 ; 3
33 ; 10.09.2015 ; 5001 ; 999999999999 ; 3.8
33 ; 20.11.2015 ; 0 ; 300 ; 0.01
33 ; 20.11.2015 ; 300.01 ; 1000 ; 1
33 ; 20.11.2015 ; 1000.1 ; 5000 ; 2
33 ; 20.11.2015 ; 5001 ; 999999999999 ; 3
33 ; 05.01.2016 ; 0 ; 300 ; 0.01
33 ; 05.01.2016 ; 300.01 ; 1000 ; 1
33 ; 05.01.2016 ; 1000.1 ; 5000 ; 2
33 ; 05.01.2016 ; 5001 ; 999999999999 ; 2.5
34 ; 03.04.2015 ; 0 ; 999999999999 ; 40
35 ; 07.04.2015 ; 0 ; 999999999999 ; 16
36 ; 09.04.2015 ; 0 ; 999999999999 ; 40
37 ; 10.04.2015 ; 0 ; 10000 ; 0.01
37 ; 10.04.2015 ; 10001 ; 30000 ; 2
37 ; 10.04.2015 ; 30001 ; 75000 ; 6
37 ; 10.04.2015 ; 75001 ; 150000 ; 7
37 ; 10.04.2015 ; 150001 ; 999999999999 ; 12
37 ; 20.11.2015 ; 0 ; 10000 ; 0.01
37 ; 20.11.2015 ; 10001 ; 30000 ; 2
37 ; 20.11.2015 ; 30001 ; 150000 ; 6
37 ; 20.11.2015 ; 150001 ; 999999999999 ; 9
38 ; 29.04.2015 ; 0 ; 4999 ; 4
38 ; 29.04.2015 ; 5000 ; 9999 ; 4.5
38 ; 29.04.2015 ; 10000 ; 999999999999 ; 5
38 ; 24.06.2015 ; 0 ; 4999 ; 3
38 ; 24.06.2015 ; 5000 ; 9999 ; 3.5
38 ; 24.06.2015 ; 10000 ; 999999999999 ; 4
38 ; 25.11.2015 ; 0 ; 4999 ; 3
38 ; 25.11.2015 ; 5000 ; 9999 ; 3
38 ; 25.11.2015 ; 10000 ; 999999999999 ; 3.5
38 ; 14.01.2016 ; 0 ; 4999 ; 0.2
38 ; 14.01.2016 ; 5000 ; 9999 ; 0.2
38 ; 14.01.2016 ; 10000 ; 999999999999 ; 0.2
39 ; 29.04.2015 ; 0 ; 4999 ; 4
39 ; 29.04.2015 ; 5000 ; 9999 ; 4.5
39 ; 29.04.2015 ; 10000 ; 999999999999 ; 5
39 ; 24.06.2015 ; 0 ; 4999 ; 3
39 ; 24.06.2015 ; 5000 ; 9999 ; 3.5
39 ; 24.06.2015 ; 10000 ; 999999999999 ; 4
39 ; 14.01.2016 ; 0 ; 4999 ; 0.2
39 ; 14.01.2016 ; 5000 ; 9999 ; 0.2
39 ; 14.01.2016 ; 10000 ; 999999999999 ; 0.2
40 ; 12.03.2015 ; 0 ; 999999999999 ; 35
40 ; 08.06.2015 ; 0 ; 999999999999 ; 30
41 ; 13.03.2015 ; 0 ; 999999999999 ; 33
42 ; 29.04.2015 ; 0 ; 999999999999 ; 34
42 ; 05.06.2015 ; 0 ; 999999999999 ; 29
42 ; 24.06.2015 ; 0 ; 999999999999 ; 30
43 ; 11.05.2015 ; 0 ; 999999999999 ; 9
43 ; 23.12.2016 ; 0 ; 999999999999 ; 8
43 ; 04.04.2017 ; 0 ; 999999999999 ; 7
44 ; 13.05.2015 ; 0 ; 999999999999 ; 30
45 ; 13.05.2015 ; 0 ; 999999999999 ; 29
45 ; 24.06.2015 ; 0 ; 999999999999 ; 30
46 ; 12.06.2015 ; 0 ; 999999999999 ; 29
47 ; 17.08.2015 ; 0 ; 999999999999 ; 30
48 ; 09.10.2015 ; 0 ; 999999999999 ; 5.5
48 ; 04.11.2015 ; 0 ; 999999999999 ; 6
48 ; 16.02.2016 ; 0 ; 999999999999 ; 5.5
48 ; 07.10.2016 ; 0 ; 999999999999 ; 5
48 ; 23.12.2016 ; 0 ; 999999999999 ; 4.5
48 ; 02.03.2017 ; 0 ; 999999999999 ; 3.5
48 ; 21.06.2017 ; 0 ; 999999999999 ; 3
48 ; 13.09.2017 ; 0 ; 999999999999 ; 2.75
48 ; 22.12.2017 ; 0 ; 999999999999 ; 2.25
48 ; 09.01.2018 ; 0 ; 999999999999 ; 1.75
49 ; 09.10.2015 ; 0 ; 999999999999 ; 5.5
49 ; 04.11.2015 ; 0 ; 999999999999 ; 6
49 ; 16.02.2016 ; 0 ; 999999999999 ; 5.5
49 ; 07.10.2016 ; 0 ; 999999999999 ; 5
49 ; 23.12.2016 ; 0 ; 999999999999 ; 4.5
49 ; 02.03.2017 ; 0 ; 999999999999 ; 3.5
49 ; 04.04.2017 ; 0 ; 999999999999 ; 3
49 ; 21.06.2017 ; 0 ; 999999999999 ; 2.7
49 ; 13.09.2017 ; 0 ; 999999999999 ; 2.45
49 ; 22.12.2017 ; 0 ; 999999999999 ; 2
49 ; 09.01.2018 ; 0 ; 999999999999 ; 1.5
50 ; 20.11.2015 ; 0 ; 999999999999 ; 30
50 ; 19.09.2016 ; 0 ; 999999999999 ; 20
51 ; 17.12.2015 ; 0 ; 999999999999 ; 5
52 ; 17.12.2015 ; 0 ; 999999999999 ; 5
53 ; 17.12.2015 ; 0 ; 999999999999 ; 5
54 ; 15.01.2016 ; 0 ; 999999999999 ; 3.5
54 ; 19.02.2016 ; 0 ; 999999999999 ; 2.5
55 ; 15.01.2016 ; 0 ; 999999999999 ; 4
55 ; 18.02.2016 ; 0 ; 999999999999 ; 3.5
55 ; 16.10.2016 ; 0 ; 9999999999999 ; 3
55 ; 29.11.2017 ; 0 ; 9999999999999 ; 0.8
56 ; 05.02.2016 ; 0 ; 999999999999 ; 5
57 ; 05.02.2016 ; 0 ; 999999999999 ; 6
58 ; 11.03.2016 ; 0 ; 999999999999 ; 4.5
58 ; 01.09.2016 ; 0 ; 999999999999 ; 4
58 ; 01.12.2016 ; 0 ; 999999999999 ; 3
58 ; 20.01.2017 ; 0 ; 999999999999 ; 2
58 ; 29.11.2017 ; 0 ; 999999999999 ; 1.2
59 ; 21.03.2016 ; 0 ; 999999999999 ; 3.5
60 ; 21.03.2016 ; 0 ; 999999999999 ; 3.5
61 ; 21.03.2016 ; 0 ; 999999999999 ; 4
61 ; 21.06.2017 ; 0 ; 999999999999 ; 3
61 ; 12.09.2017 ; 0 ; 999999999999 ; 2.75
61 ; 22.12.2017 ; 0 ; 999999999999 ; 2.25
61 ; 09.01.2018 ; 0 ; 999999999999 ; 1.75
62 ; 21.03.2016 ; 0 ; 999999999999 ; 4
62 ; 02.03.2017 ; 0 ; 999999999999 ; 3.5
62 ; 04.04.2017 ; 0 ; 999999999999 ; 3
62 ; 21.06.2017 ; 0 ; 999999999999 ; 2.7
62 ; 12.09.2017 ; 0 ; 999999999999 ; 2.45
62 ; 22.12.2017 ; 0 ; 999999999999 ; 2
62 ; 09.01.2018 ; 0 ; 999999999999 ; 1.5
63 ; 21.03.2016 ; 0 ; 999999999999 ; 25
63 ; 16.08.2016 ; 0 ; 999999999999 ; 25
63 ; 19.09.2016 ; 0 ; 999999999999 ; 20
63 ; 23.12.2016 ; 0 ; 999999999999 ; 18
63 ; 04.04.2017 ; 0 ; 999999999999 ; 15
63 ; 28.04.2017 ; 0 ; 999999999999 ; 13
63 ; 23.06.2017 ; 0 ; 999999999999 ; 10
63 ; 28.07.2017 ; 0 ; 999999999999 ; 9
63 ; 10.11.2017 ; 0 ; 999999999999 ; 11
64 ; 21.03.2016 ; 0 ; 999999999999 ; 25
64 ; 19.09.2016 ; 0 ; 999999999999 ; 20
64 ; 04.04.2017 ; 0 ; 999999999999 ; 15
64 ; 28.04.2017 ; 0 ; 999999999999 ; 13
64 ; 23.06.2017 ; 0 ; 999999999999 ; 10
64 ; 28.07.2017 ; 0 ; 999999999999 ; 9
64 ; 10.11.2017 ; 0 ; 999999999999 ; 11
64 ; 09.01.2018 ; 0 ; 999999999999 ; 11
65 ; 03.05.2016 ; 0 ; 999999999999 ; 20.5
66 ; 03.05.2016 ; 0 ; 999999999999 ; 21
67 ; 01.03.2016 ; 0 ; 999999999999 ; 22
67 ; 06.06.2016 ; 0 ; 999999999999 ; 20
67 ; 01.01.2017 ; 0 ; 999999999999 ; 15
68 ; 20.05.2016 ; 0 ; 999999999999 ; 3
68 ; 14.11.2016 ; 0 ; 999999999999 ; 2
68 ; 29.11.2017 ; 0 ; 999999999999 ; 0.5
69 ; 22.11.2016 ; 0 ; 999999999999 ; 20
70 ; 22.11.2016 ; 0 ; 999999999999 ; 20
71 ; 22.11.2016 ; 0 ; 999999999999 ; 20
72 ; 22.11.2016 ; 0 ; 999999999999 ; 4
73 ; 22.11.2016 ; 0 ; 999999999999 ; 4
74 ; 22.11.2016 ; 0 ; 999999999999 ; 15
75 ; 22.11.2016 ; 0 ; 999999999999 ; 15
76 ; 22.11.2016 ; 0 ; 999999999999 ; 4
76 ; 09.02.2017 ; 0 ; 999999999999 ; 3.25
77 ; 22.11.2016 ; 0 ; 999999999999 ; 4
77 ; 09.02.2017 ; 0 ; 999999999999 ; 3
78 ; 29.11.2016 ; 0 ; 999999999999 ; 6
79 ; 29.11.2016 ; 0 ; 999999999999 ; 11
79 ; 17.02.2017 ; 0 ; 999999999999 ; 9
79 ; 30.11.2017 ; 0 ; 999999999999 ; 7
80 ; 02.12.2016 ; 0 ; 999999999999 ; 3
81 ; 05.12.2016 ; 0 ; 999999999999 ; 3
82 ; 05.12.2016 ; 0 ; 999999999999 ; 6.5
83 ; 24.12.2016 ; 0 ; 999999999999 ; 12
83 ; 17.02.2017 ; 0 ; 999999999999 ; 10
83 ; 07.04.2017 ; 0 ; 999999999999 ; 7
83 ; 19.05.2017 ; 0 ; 999999999999 ; 5.5
83 ; 19.07.2017 ; 0 ; 999999999999 ; 4
84 ; 19.10.2017 ; 0 ; 999999999999 ; 3.6
85 ; 19.10.2017 ; 0 ; 999999999999 ; 11.4
86 ; 13.04.2018 ; 0 ; 999999999999 ; 1
87 ; 24.08.2018 ; 0 ; 999999999999 ; 12.5
